50
6
0 16 13 16 8 13 16 29 32 24 29 32 29 21 26 29 24 29 32 21 24 29 45 37 42 45 40 45 48 37 40 45 37 42 45 34 37 42 37 40 45 37 53 58 61 50 53 58 53 56 61 53 50 53 58 50 53 66 69 74 66 69 66 82 
6
0 3 9 13 3 11 16 12 16 6 14 19 22 12 20 25 16 24 29 14 19 27 25 15 23 28 19 27 32 17 22 30 25 33 38 23 28 36 27 32 40 30 28 36 41 26 31 39 30 35 43 33 36 41 49 39 43 39 44 52 42 46 52 55 
4
0 6 16 12 0 22 18 6 28 16 12 34 22 18 28 34 
3
0 3 11 20 14 23 31 34 
6
0 2 7 14 6 19 2 9 16 8 21 4 21 13 26 9 20 33 16 25 8 21 23 15 28 11 22 35 18 27 10 23 27 40 23 32 15 28 39 22 35 27 29 42 25 34 17 30 41 24 37 29 46 29 42 34 41 48 31 44 36 43 48 50 
1
0 2 
4
0 2 8 3 12 10 5 14 11 20 15 13 22 17 23 25 
5
0 15 2 1 18 11 17 16 33 26 3 20 13 19 12 29 18 35 28 34 27 44 21 14 31 30 36 29 46 45 32 47 
5
0 19 8 10 20 1 27 29 39 20 18 28 9 30 11 21 37 47 28 49 30 40 38 19 29 31 57 38 48 50 39 58 
4
0 13 11 12 3 24 25 16 23 14 15 36 27 28 26 39 
2
0 1 3 4 
4
0 10 17 15 12 27 25 22 32 29 27 42 39 37 44 54 
6
0 8 0 0 6 16 0 8 8 14 24 8 0 6 16 0 6 16 0 22 6 16 8 14 24 8 14 24 8 30 14 24 6 16 0 22 6 16 22 6 16 22 14 24 8 30 14 24 30 14 24 30 22 6 16 22 22 30 14 24 30 30 22 30 
2
0 6 0 6 
5
0 14 0 16 12 13 14 30 26 27 16 12 13 28 29 25 30 26 27 42 43 39 28 29 25 41 42 43 39 55 41 55 
2
0 5 2 7 
4
0 15 20 19 14 35 34 29 39 34 33 54 49 48 53 68 
2
0 5 20 25 
2
0 0 18 18 
3
0 11 12 13 23 24 25 36 
4
0 18 0 7 0 18 25 18 7 0 7 25 18 25 7 25 
1
0 3 
5
0 11 2 2 13 0 13 13 24 11 4 15 2 15 2 13 15 26 13 26 13 24 17 4 15 15 28 15 26 26 17 28 
6
0 3 5 11 13 5 9 8 14 16 8 12 16 18 10 14 24 16 20 18 22 14 19 21 13 17 27 19 23 21 25 17 29 21 25 23 27 19 29 33 25 27 32 24 28 26 30 22 32 36 28 30 34 38 30 32 38 37 41 33 35 41 43 46 
5
0 5 6 2 12 16 11 7 17 21 8 18 22 14 18 28 13 23 27 19 23 33 20 24 34 30 25 29 39 35 36 41 
2
0 16 4 20 
1
0 10 
5
0 20 12 2 9 5 32 22 29 25 14 21 17 11 7 14 34 41 37 31 27 34 23 19 26 16 43 39 46 36 28 48 
5
0 4 6 0 7 1 10 4 11 5 6 13 7 7 1 8 10 17 11 11 5 12 13 7 14 8 17 11 18 12 14 18 
1
0 15 
5
0 4 19 19 1 6 23 23 5 10 38 20 25 20 25 7 42 24 29 24 29 11 39 44 26 26 43 48 30 30 45 49 
1
0 17 
4
0 20 5 19 4 25 39 24 24 9 23 44 29 43 28 48 
6
0 4 12 12 0 0 12 16 16 4 4 16 24 12 12 24 12 12 24 0 12 12 28 16 16 28 16 16 28 4 16 16 24 24 36 12 24 24 12 24 24 12 28 28 40 16 28 28 16 28 28 16 24 36 36 24 24 28 40 40 28 28 36 40 
2
0 15 12 27 
1
0 9 
2
0 15 9 24 
4
0 10 15 8 14 25 18 24 23 29 22 33 39 32 37 47 
1
0 11 
2
0 2 18 20 
3
0 19 3 3 22 22 6 25 
4
0 11 8 16 5 19 27 16 24 13 21 35 24 32 29 40 
2
0 14 0 14 
2
0 11 11 22 
3
0 14 5 4 19 18 9 23 
5
0 5 10 13 13 13 15 18 18 18 23 23 23 26 26 26 28 28 28 31 31 31 36 36 36 39 41 41 41 44 49 54 
1
0 2 
3
0 20 2 15 22 35 17 37 
4
0 14 14 18 13 28 32 27 32 27 31 46 41 45 45 59 
2
0 10 6 16 
